x
0.616536232175695
1.06822375972896
0.369577203080673
0.294658343825598
0.146558264006209
0.0549446198579109
0.27343621334521
0.000675635615433019
1.37933818620855
0.83611166397962
0.128873239116898
1.6482218974461
1.36600683669467
0.000801758916916073
2.47341898581568
2.70565819608407
0.0693483114672382
0.276519152432057
0.00550948588384063
0.488830068244981
3.23930610890603
0.761386585716168
0.00804449106678257
1.67710782891194
0.0936898486910978
0.76352916416186
4.26449182558104
0.124306227883232
0.0511612310091498
0.270717214801872
3.59820639836579
0.0384724132381528
1.36041310284926
0.131825249333047
0.180109359497717
3.78354235654641
0.153865519617676
0.0443697189620936
0.477703242299133
0.574658172688562
0.195713589298424
0.47512759172528
0.00710001714631114
0.0892584106645943
2.46571945896081
0.829612812391469
0.85402505009164
0.142572667486017
0.45030872069494
0.843701364193954
