V1
-1.18865038973338
2.38760188713074
1.72501285475225
1.72985192113814
-0.623692480593719
1.32376761889381
3.06667611230612
2.80869289284364
-0.7276082992247
0.222833930969946
0.541074138760667
4.29052773832728
2.03701879333819
3.47779595539093
3.51181258921535
1.55234757194662
1.95599773083409
6.80521733292512
1.41367649259643
3.89887439216936
6.40158059484313
2.4465593815984
6.20058847494522
0.633393332248757
7.32649123611449
2.01549031845391
2.63677909462686
0.954532733470821
3.60747610560406
4.5981031838613
2.3298865460645
3.75576001914855
0.0795350006391617
1.59641732030454
2.00121285426559
2.31367249039099
3.43169509256186
4.04319483429802
2.10170486257835
3.47978559160856
-0.653657298247389
1.69479384547846
1.31544689261979
8.79699174242537
3.84642241838039
5.43409795340759
0.108684584683969
-4.02183415739221
1.47168092774061
3.79398212064618
